202,4
4294967294,1429
4294967294,1611
4294967278,56
230,4
36,4
4294967294,974
4294967294,1461
4294967294,36
4294967294,1557
4294967294,22
4294967294,39
4294967294,1558
0,5
4294967294,5
4294967294,81
4294967294,11
4294967294,17
4294967294,42
4294967294,76
4294967294,41
4294967294,115
4294967294,1470
4294967294,984
4294967294,67
4294967293,131
4294967293,130
4294967293,129
4294967293,128
4294967293,127
4294967293,126
4294967293,125
4294967293,124
4294967293,123
4294967293,122
4294967293,121
4294967293,120
4294967293,119
4294967293,118
4294967293,117
4294967293,116
4294967293,115
4294967293,114
4294967293,113
4294967293,112
4294967293,111
4294967293,110
4294967293,109
4294967293,108
4294967293,107
4294967293,106
4294967293,105
4294967293,104
4294967293,103
4294967293,102
4294967293,101
4294967293,100
4294967293,99
4294967293,98
4294967293,97
4294967293,96
4294967293,95
4294967293,94
4294967293,93
4294967293,92
4294967293,91
4294967293,90
4294967293,89
4294967293,87
4294967293,86
4294967293,85
4294967293,84
4294967293,83
4294967293,82
4294967293,81
4294967293,80
4294967293,79
4294967293,78
4294967293,77
4294967293,76
4294967293,75
4294967293,74
4294967293,73
4294967293,72
4294967293,71
4294967293,70
4294967293,69
4294967293,68
4294967293,67
4294967293,66
4294967293,65
4294967293,64
4294967293,63
4294967293,62
4294967293,61
4294967293,60
4294967293,59
4294967293,58
4294967293,57
4294967293,56
4294967293,55
4294967293,54
4294967293,53
4294967293,52
4294967293,51
4294967293,50
4294967293,49
4294967293,48
4294967293,47
4294967293,46
4294967293,45
4294967293,44
4294967293,43
4294967293,42
4294967293,41
4294967293,40
4294967293,39
4294967293,38
4294967293,37
4294967293,36
4294967293,35
4294967293,34
4294967293,33
4294967293,32
4294967293,31
4294967293,30
4294967293,29
4294967293,28
4294967293,27
4294967293,26
4294967293,25
4294967293,24
4294967293,23
4294967293,22
4294967293,21
4294967293,20
4294967293,19
4294967293,18
4294967293,17
4294967293,16
4294967293,15
4294967293,14
4294967293,13
4294967293,12
4294967293,11
4294967293,10
4294967293,9
4294967293,8
4294967293,7
4294967293,6
4294967293,5
4294967293,4
4294967293,3
4294967278,102
4294967278,91
4294967278,90
4294967278,89
4294967278,87
4294967278,85
4294967278,84
4294967278,82
4294967278,81
4294967278,80
4294967278,79
4294967278,78
4294967278,77
4294967278,76
4294967278,74
4294967278,71
4294967278,64
4294967278,60
4294967278,297
4294967278,336
4294967278,55
4294967278,54
4294967278,53
4294967278,289
4294967278,545
4294967278,52
4294967278,51
4294967278,50
4294967278,49
4294967278,48
4294967278,47
4294967278,46
4294967278,44
4294967278,43
4294967278,41
4294967278,40
4294967278,39
4294967278,38
4294967278,37
4294967278,36
4294967278,35
4294967278,34
4294967278,33
4294967278,32
4294967278,31
4294967278,30
4294967278,29
4294967278,28
4294967278,27
4294967278,26
4294967278,25
4294967278,24
4294967278,23
4294967278,22
4294967278,21
4294967278,20
4294967278,19
4294967278,18
4294967278,17
4294967278,16
4294967278,15
4294967278,14
4294967278,13
4294967278,10
4294967278,2
4294967278,88
4294967278,538
4294967278,260
4294967279,125
4294967279,111
4294967279,108
4294967279,92
4294967279,71
4294967279,56
4294967279,55
4294967279,298
4294967279,54
4294967279,297
4294967279,53
4294967279,390
4294967279,52
4294967279,51
4294967279,50
4294967279,48
4294967279,47
4294967279,395
4294967279,45
4294967279,44
4294967279,43
4294967279,41
4294967279,431
4294967279,293
4294967279,40
4294967279,35
4294967279,174
4294967279,260
4294967279,2
4294967279,346
4294967294,1262
4294967294,1522
4294967294,1938
4294967294,1255
4294967294,1631
4294967294,99
4294967294,46
4294967294,987
4294967294,24
4294967279,361
4294967279,299
4294967278,296
4294967278,339
4294967279,432
4294967278,327
4294967294,2304
4294967294,1935
4294967294,1480
4294967294,1636
4294967294,1531
4294967294,1939
1,0
4294967294,442
4294967294,743
4294967294,741
4294967294,737
4294967294,151
4294967294,735
4294967294,734
4294967294,733
4294967294,732
4294967294,731
4294967294,728
4294967294,727
4294967294,726
4294967294,725
4294967294,724
4294967294,722
4294967294,720
4294967294,719
4294967294,716
4294967294,1936
4294967294,712
4294967294,711
4294967294,710
4294967294,708
4294967294,707
4294967294,706
4294967294,705
4294967294,701
4294967294,567
4294967294,147
4294967294,697
4294967294,696
4294967294,148
4294967294,572
4294967294,686
4294967294,685
4294967294,683
4294967294,146
4294967294,675
4294967294,674
4294967294,673
4294967294,668
4294967294,666
4294967294,134
4294967294,660
4294967294,71
4294967294,573
4294967294,142
4294967294,144
4294967294,1844
4294967294,654
4294967294,1261
4294967294,653
4294967294,652
4294967294,651
4294967294,650
4294967294,140
4294967294,72
4294967294,645
4294967294,643
4294967294,70
4294967294,642
4294967294,640
4294967294,637
4294967294,636
4294967294,635
4294967294,634
4294967294,632
4294967294,631
4294967294,629
4294967294,628
4294967294,627
4294967294,626
4294967294,625
4294967294,615
4294967294,614
4294967294,613
4294967294,611
4294967294,1930
4294967294,607
4294967294,606
4294967294,605
4294967294,603
4294967294,602
4294967294,600
4294967294,599
4294967294,598
4294967294,1842
4294967294,1843
4294967294,596
4294967294,595
4294967294,594
4294967294,593
4294967294,1841
4294967294,590
4294967294,1840
4294967294,1839
4294967294,585
4294967294,582
4294967294,1116
4294967294,581
4294967294,137
4294967294,318
4294967294,317
4294967294,313
4294967294,312
4294967294,310
4294967294,308
4294967294,1652
4294967294,305
4294967294,304
4294967294,297
4294967294,296
4294967294,1838
4294967294,1640
4294967294,819
4294967294,808
4294967294,805
4294967294,277
4294967294,2002
4294967294,2044
4294967294,2001
4294967294,516
4294967294,3
4294967294,273
4294967294,271
4294967294,270
4294967294,268
4294967294,266
4294967294,1836
4294967294,1931
4294967294,1837
4294967294,262
4294967294,575
4294967294,107
4294967294,257
4294967294,991
4294967294,1835
4294967294,254
4294967294,83
4294967294,253
4294967294,1834
4294967294,1477
4294967294,990
4294967294,82
4294967294,1523
4294967294,92
4294967294,91
4294967294,90
4294967294,88
4294967294,87
4294967294,84
4294967294,240
4294967294,238
4294967294,237
4294967294,236
4294967294,234
4294967294,233
4294967294,1251
4294967294,1250
4294967294,1833
4294967294,226
4294967294,218
4294967294,768
4294967294,216
4294967294,215
4294967294,1928
4294967294,2
4294967294,207
4294967294,1132
4294967294,204
4294967294,1446
4294967294,200
4294967294,1
4294967294,196
4294967294,195
4294967294,192
4294967294,519
4294967294,1114
4294967294,562
4294967294,560
4294967294,559
4294967294,556
4294967294,569
4294967294,1438
4294967294,1443
4294967294,0
4294967294,1445
4294967294,1436
4294967294,1130
4294967294,1633
4294967294,1658
4294967294,1450
4294967294,52
4294967294,51
4294967294,539
4294967294,53
4294967294,1644
4294967294,536
4294967294,535
4294967294,44
4294967294,534
4294967294,1147
4294967294,1131
4294967294,45
4294967294,43
4294967294,8
4294967294,1414
4294967294,6
4294967294,7
4294967294,9
4294967279,333
4294967278,287
4294967278,268
4294967279,430
4294967278,382
4294967278,381
4294967279,312
4294967278,307
4294967279,429
4294967278,380
4294967278,520
4294967278,569
4294967278,519
4294967278,517
4294967278,283
4294967278,342
4294967278,383
4294967279,428
4294967279,427
4294967279,426
4294967279,319
4294967278,256
4294967279,425
4294967279,227
4294967278,379
4294967279,424
4294967279,423
4294967278,378
4294967278,298
4294967278,294
4294967278,347
4294967279,422
4294967278,344
4294967278,515
4294967278,341
4294967294,1637
4294967294,1832
4294967294,1927
4294967294,1831
4294967294,1830
4294967294,1829
4294967294,2005
4294967294,1926
4294967294,1828
4294967294,1827
4294967294,1826
4294967294,1925
4294967294,1825
4294967294,1824
4294967294,1823
4294967294,1924
4294967294,1820
4294967294,2003
4294967294,1997
4294967294,1923
4294967294,1819
4294967294,1487
4294967294,1818
4294967294,1817
4294967294,1922
4294967294,1816
4294967294,1815
4294967294,1814
4294967294,1921
4294967294,1542
4294967294,1643
4294967294,1920
4294967294,1638
4294967294,1810
4294967294,1630
4294967294,1809
4294967294,1639
4294967294,1808
4294967294,1539
4294967294,1526
4294967294,1534
4294967294,1507
4294967294,1546
4294967294,1543
4294967294,1550
4294967294,989
4294967294,1642
4294967294,85
4294967294,1990
4294967294,1128
4294967294,1989
4294967294,2006
4294967294,522
4294967294,2047
4294967294,2007
4294967294,1993
4294967294,1987
4294967294,1129
4294967294,1996
4294967294,514
4294967294,513
4294967294,523
4294967294,2008
4294967294,2004
4294967294,2000
4294967294,443
4294967294,515
4294967294,445
4294967294,1991
4294967294,532
4294967294,125
4294967294,531
4294967294,1648
4294967294,528
4294967294,430
4294967294,423
4294967294,1661
4294967294,1433
4294967294,1653
4294967294,1662
4294967294,1146
4294967294,425
4294967294,1634
4294967294,1625
4294967294,393
4294967294,1137
4294967294,1134
4294967294,1786
4294967294,1785
4294967294,1784
4294967294,1783
4294967294,1782
4294967294,1780
4294967294,1779
4294967294,1778
4294967294,1777
4294967294,1776
4294967294,1775
4294967294,1774
4294967294,1773
4294967294,1772
4294967294,1771
4294967294,1781
4294967294,1770
4294967278,377
4294967279,421
4294967279,420
4294967279,233
4294967278,376
4294967278,232
4294967279,419
4294967279,382
4294967278,331
4294967278,547
4294967278,573
4294967278,325
4294967278,541
4294967279,416
4294967278,249
4294967279,219
4294967278,371
4294967279,415
4294967278,220
4294967278,536
4294967278,370
4294967278,308
4294967279,287
4294967279,283
4294967279,279
4294967278,374
4294967279,418
4294967279,276
4294967279,417
4294967279,339
4294967278,373
4294967278,368
4294967278,367
4294967278,366
4294967278,365
4294967278,574
4294967279,359
4294967278,274
4294967279,413
4294967278,375
4294967294,1540
4294967294,1492
4294967294,1517
4294967294,1501
4294967294,1655
4294967294,1497
4294967294,1496
4294967294,1508
4294967294,1510
4294967294,1514
4294967294,1505
4294967294,1509
4294967294,1519
4294967294,1483
4294967294,1485
4294967294,1482
4294967294,1479
4294967294,124
4294967294,424
4294967294,1478
4294967294,1521
4294967294,941
4294967294,1486
4294967294,401
4294967294,188
4294967294,1484
4294967294,1488
4294967294,185
4294967294,1475
4294967294,1474
4294967294,177
4294967294,182
4294967294,971
4294967294,970
4294967294,972
4294967294,968
4294967294,174
4294967294,176
4294967294,172
4294967294,171
4294967294,390
4294967294,389
4294967294,1769
4294967294,1768
4294967294,1767
4294967294,1766
4294967294,1765
4294967294,1763
4294967294,1762
4294967294,1761
4294967294,1760
4294967294,1759
4294967294,1758
4294967294,1757
4294967294,1756
4294967294,1755
4294967294,1754
4294967294,1764
4294967294,1753
4294967294,1752
4294967294,1751
4294967294,173
4294967294,1750
4294967294,1749
4294967294,1748
4294967294,1746
4294967294,1745
4294967294,1744
4294967294,1743
4294967294,1742
4294967294,170
4294967294,1741
4294967294,1740
4294967294,1739
4294967294,1738
4294967294,1737
4294967294,1747
4294967294,1736
4294967294,1735
4294967294,1734
4294967294,1733
4294967294,1732
4294967294,1731
4294967294,1729
4294967294,1728
4294967294,1727
4294967294,1726
4294967294,1725
4294967294,1724
4294967294,1723
4294967294,1722
4294967294,1721
4294967294,1720
4294967294,1730
4294967294,1719
4294967294,1718
4294967294,1717
4294967294,1716
4294967294,1715
4294967294,1714
